pelvis_tilt.offset               	-0.033065054	-0.035539092	0.0016504637	
hip_flexion_r.offset             	0.0015470849	0.0016424477	0.001644138	
knee_angle_r.offset              	-0.0062026045	-0.0060051517	0.0016773427	
ankle_angle_r.offset             	-0.025917739	-0.026668609	0.0017185538	
hip_flexion_l.offset             	0.0089592225	0.0095793541	0.0016897775	
knee_angle_l.offset              	0.04615008	0.045318001	0.0017032879	
ankle_angle_l.offset             	-0.00024379094	0.00097480911	0.0016717459	
upperexo_hinge.offset            	-0.035117576	-0.033813566	0.0017710441	
upperexo_slide.offset            	-0.029088708	-0.028330683	0.0017253634	
exo_rotation.offset              	-0.0028963537	-0.002173705	0.0017418889	
lowerexo_hinge.offset            	-0.022542728	-0.023582894	0.0016369582	
stance_load_threshold            	0.12138395	0.12117048	0.0017394646	
S11111.tib_ant.KL                	1.0594099	1.0619666	0.0083238603	
S11111.tib_ant.L0                	0.72943925	0.73042588	0.0016901009	
S11111.tib_ant-soleus.KF         	-0.29917063	-0.29847966	0.0016727646	
S00111.soleus.KF                 	1.2937865	1.3058512	0.0083243438	
S00111.gastroc.KF                	1.4949498	1.4984799	0.0084799458	
S00011.vas_int.KF                	0.96744152	0.95963038	0.007964414	
S00011.vas_int.C0                	0.12185748	0.12224698	0.0016391744	
S00011.vas_int-knee_angle.pos_max	-0.20983208	-0.21221049	0.0017392782	
S00011.hamstrings-pelvis_tilt.KP 	1.949298	1.9469494	0.0084586754	
S00011.hamstrings-pelvis_tilt.KV 	0.27841609	0.27738358	0.0016977626	
S00011.hamstrings-pelvis_tilt.C0 	0.024591231	0.02503299	0.0016818582	
S00011.glut_max-pelvis_tilt.KP   	1.4288426	1.4314007	0.0087551401	
S00011.glut_max-pelvis_tilt.KV   	0.17633858	0.17466021	0.0017258138	
S00011.glut_max-pelvis_tilt.C0   	-0.10453915	-0.10263758	0.0016738324	
S00011.iliopsoas-pelvis_tilt.KP  	-1.9036551	-1.9094731	0.0083365253	
S00011.iliopsoas-pelvis_tilt.KV  	-0.54691916	-0.54760296	0.0016658203	
S00011.iliopsoas-pelvis_tilt.C0  	0.14345766	0.14463195	0.0018037868	
S00100.iliopsoas.C0              	0.35818365	0.35669779	0.0016632997	
S00100.glut_max.C0               	-0.45209517	-0.45112875	0.0017011876	
S11000.iliopsoas.KL              	0.51503366	0.51492618	0.0017076532	
S11000.iliopsoas.L0              	0.39153145	0.39115531	0.0017293961	
S11000.iliopsoas-pelvis_tilt.P0  	-0.021446567	-0.022358344	0.0017425783	
S11000.iliopsoas-pelvis_tilt.KP  	1.3906495	1.395066	0.0085240972	
S11000.iliopsoas-hamstrings.KL   	-4.2076902	-4.2300153	0.042945381	
S11000.iliopsoas-hamstrings.L0   	0.90547969	0.90767692	0.0017520593	
S11000.hamstrings.KF             	0.32254586	0.32278633	0.0016861629	
S11000.glut_max.KF               	0.31566097	0.31426651	0.0017218317	
hamstrings_r-offset              	0.041278101	0.031373826	0.014471709	
bifemsh_r-offset                 	0.031335673	0.021148322	0.014425997	
glut_max_r-offset                	0.023528352	0.035668221	0.014495816	
iliopsoas_r-offset               	0.022225135	0.034417223	0.014507983	
rect_fem_r-offset                	0.023779742	0.028220517	0.014442694	
vas_int_r-offset                 	0.046401937	0.035128426	0.014473923	
gastroc_r-offset                 	0.033090229	0.025455615	0.014474363	
soleus_r-offset                  	0.020306094	0.025252218	0.014457999	
tib_ant_r-offset                 	0.036620003	0.03924564	0.014457068	
bifemsh_r-length_offset          	0.013252942	0.033987164	0.016439748	
gl1                              	0.059869724	0.040417026	0.016517783	
gl2                              	0.20515824	0.18538666	0.016558006	
act1                             	0.38381502	0.38003089	0.016778244	
act2                             	0.38920408	0.38778448	0.017069855	
