pelvis_tilt.offset               	-0.014902537	-0.013855962	0.0010907382	
hip_flexion_r.offset             	0.041829163	0.042598578	0.0011217797	
knee_angle_r.offset              	0.04017454	0.039324107	0.0011436591	
ankle_angle_r.offset             	-0.0028110191	-0.0022016597	0.0011526602	
hip_flexion_l.offset             	-0.029646143	-0.030143751	0.0011885214	
knee_angle_l.offset              	0.00036274328	-0.00012241698	0.001144782	
ankle_angle_l.offset             	-0.062708796	-0.063911964	0.0011463436	
upperexo_hinge.offset            	-0.029208793	-0.029973312	0.0011767429	
upperexo_slide.offset            	0.00096167232	-9.1931025e-05	0.00114484	
exo_rotation.offset              	0.057023541	0.056579998	0.0011702559	
stance_load_threshold            	0.17971947	0.17965191	0.0011554972	
S11111.tib_ant.KL                	1.3303029	1.3336986	0.0059617693	
S11111.tib_ant.L0                	0.66887226	0.665669	0.0011600158	
S11111.tib_ant-soleus.KF         	-0.35654572	-0.35759227	0.0011854737	
S00111.soleus.KF                 	1.5005505	1.499545	0.0059373592	
S00111.gastroc.KF                	1.4174377	1.4176421	0.0060974612	
S00011.vas_int.KF                	1.011724	1.0160434	0.0057133027	
S00011.vas_int.C0                	0.12918908	0.12836055	0.0011232931	
S00011.vas_int-knee_angle.pos_max	-0.16424733	-0.16213445	0.0011725839	
S00011.hamstrings-pelvis_tilt.KP 	1.9316317	1.9264798	0.0058127373	
S00011.hamstrings-pelvis_tilt.KV 	0.26888349	0.2685721	0.0011904881	
S00011.hamstrings-pelvis_tilt.C0 	0.0016073758	0.0011683179	0.001156655	
S00011.glut_max-pelvis_tilt.KP   	1.6775468	1.673008	0.005902843	
S00011.glut_max-pelvis_tilt.KV   	0.2365233	0.23766966	0.00120195	
S00011.glut_max-pelvis_tilt.C0   	-0.097844765	-0.095865929	0.0011585038	
S00011.iliopsoas-pelvis_tilt.KP  	-2.09785	-2.0931447	0.0056895481	
S00011.iliopsoas-pelvis_tilt.KV  	-0.55727879	-0.55832474	0.0011757059	
S00011.iliopsoas-pelvis_tilt.C0  	0.032172642	0.028157948	0.0012039891	
S00100.iliopsoas.C0              	0.33995845	0.33953465	0.0011880167	
S00100.glut_max.C0               	-0.48269391	-0.4835711	0.0012067462	
S11000.iliopsoas.KL              	0.57403777	0.57618514	0.001222041	
S11000.iliopsoas.L0              	0.35825654	0.35801573	0.0011931337	
S11000.iliopsoas-pelvis_tilt.P0  	-0.070658814	-0.07129711	0.0011796299	
S11000.iliopsoas-pelvis_tilt.KP  	1.2917562	1.286952	0.0057828646	
S11000.iliopsoas-hamstrings.KL   	-4.7667516	-4.7121948	0.028786132	
S11000.iliopsoas-hamstrings.L0   	0.90563201	0.9065423	0.001116173	
S11000.hamstrings.KF             	0.33302151	0.33312344	0.0011237646	
S11000.glut_max.KF               	0.37891395	0.37751181	0.0011548852	
hamstrings_r-offset              	0.027263576	0.028835974	0.0094009634	
bifemsh_r-offset                 	0.019565697	0.038660743	0.009357622	
glut_max_r-offset                	0.033479668	0.037291942	0.0093623255	
iliopsoas_r-offset               	0.03820787	0.029776852	0.0093800354	
rect_fem_r-offset                	0.046342698	0.041229903	0.0093862987	
vas_int_r-offset                 	0.025949542	0.027300301	0.0093798873	
gastroc_r-offset                 	0.017202975	0.03469938	0.0093595535	
soleus_r-offset                  	0.02467292	0.035580795	0.0093248497	
tib_ant_r-offset                 	0.036047484	0.035215709	0.0093304555	
bifemsh_r-length_offset          	0.26648725	0.25850669	0.011236462	
gl1                              	0.4841436	0.49473424	0.011374184	
gl2                              	0.2762635	0.28311914	0.011647295	
act1                             	0.1744838	0.17624609	0.011397105	
act2                             	0.74476185	0.74199892	0.011402994	
