pelvis_tilt.offset               	0.020107452	0.017320891	0.012575585	
hip_flexion_r.offset             	-0.0036462697	-0.00093441263	0.013101664	
knee_angle_r.offset              	0.035346493	0.03573716	0.01314978	
ankle_angle_r.offset             	-0.031692089	-0.053913828	0.013094089	
hip_flexion_l.offset             	-0.057837701	-0.058224569	0.013109611	
knee_angle_l.offset              	-0.027665638	-0.029973245	0.012672357	
ankle_angle_l.offset             	-0.023123277	-0.026036247	0.012723678	
upperexo_hinge.offset            	0.053685985	0.029605757	0.012710856	
upperexo_slide.offset            	-0.054136436	-0.057624928	0.013006805	
exo_rotation.offset              	-0.051651312	-0.074320956	0.013498529	
lowerexo_hinge.offset            	-0.017708038	-0.033232716	0.012851682	
stance_load_threshold            	0.18845954	0.20293969	0.012838666	
S11111.tib_ant.KL                	1.0495667	1.164042	0.067080028	
S11111.tib_ant.L0                	0.70116546	0.69392678	0.012813381	
S11111.tib_ant-soleus.KF         	-0.34705398	-0.33081189	0.013613821	
S00111.soleus.KF                 	1.1022285	1.1411902	0.06323549	
S00111.gastroc.KF                	1.7177836	1.7665369	0.068292416	
S00011.vas_int.KF                	1.4248941	1.5532859	0.06542131	
S00011.vas_int.C0                	0.13944336	0.14331241	0.012909114	
S00011.vas_int-knee_angle.pos_max	-0.25015554	-0.24696939	0.012994013	
S00011.hamstrings-pelvis_tilt.KP 	2.0591875	2.0202358	0.064088177	
S00011.hamstrings-pelvis_tilt.KV 	0.25932268	0.22723198	0.012962245	
S00011.hamstrings-pelvis_tilt.C0 	-0.0069410015	0.015546484	0.012703896	
S00011.glut_max-pelvis_tilt.KP   	1.9222767	1.9108562	0.065445638	
S00011.glut_max-pelvis_tilt.KV   	0.22275725	0.22598933	0.012834188	
S00011.glut_max-pelvis_tilt.C0   	-0.20386437	-0.20161288	0.013371855	
S00011.iliopsoas-pelvis_tilt.KP  	-1.723563	-1.7140599	0.065308869	
S00011.iliopsoas-pelvis_tilt.KV  	-0.52462866	-0.5093197	0.012779405	
S00011.iliopsoas-pelvis_tilt.C0  	0.033124641	0.038687518	0.012785423	
S00100.iliopsoas.C0              	0.39739254	0.39653792	0.013050064	
S00100.glut_max.C0               	-0.46935397	-0.48046239	0.012722141	
S11000.iliopsoas.KL              	0.52733109	0.53116697	0.013104849	
S11000.iliopsoas.L0              	0.35609714	0.36330239	0.01305968	
S11000.iliopsoas-pelvis_tilt.P0  	-0.077715205	-0.068338686	0.013337657	
S11000.iliopsoas-pelvis_tilt.KP  	1.1893197	1.2233771	0.065355959	
S11000.iliopsoas-hamstrings.KL   	-4.242387	-4.6926041	0.32774574	
S11000.iliopsoas-hamstrings.L0   	0.85631169	0.87596985	0.013351509	
S11000.hamstrings.KF             	0.38064992	0.41638195	0.013116258	
S11000.glut_max.KF               	0.41209596	0.38851764	0.012804232	

