stance_load_threshold            	0.17255923	0.17182317	0.0050222467	
S11111.tib_ant.KL                	1.2385458	1.2388672	0.024915311	
S11111.tib_ant.L0                	0.71757845	0.71664734	0.0054080388	
S11111.tib_ant-soleus.KF         	-0.32035301	-0.32055683	0.0051919364	
S00111.soleus.KF                 	1.1584523	1.1239697	0.024635963	
S00111.gastroc.KF                	1.4954369	1.5612195	0.028690431	
S00011.vas_int.KF                	1.1431558	1.1398125	0.026437344	
S00011.vas_int.C0                	0.1271475	0.13832005	0.0052455887	
S00011.vas_int-knee_angle.pos_max	-0.13191916	-0.13231296	0.0055900491	
S00011.hamstrings-pelvis_tilt.KP 	2.1528913	2.1551611	0.027285981	
S00011.hamstrings-pelvis_tilt.KV 	0.24993988	0.25141245	0.0052034343	
S00011.hamstrings-pelvis_tilt.C0 	-0.052539668	-0.053823523	0.0057783603	
S00011.glut_max-pelvis_tilt.KP   	1.6291192	1.6614203	0.025900459	
S00011.glut_max-pelvis_tilt.KV   	0.32445797	0.32719411	0.0055425502	
S00011.glut_max-pelvis_tilt.C0   	-0.12239002	-0.11601574	0.0053602943	
S00011.iliopsoas-pelvis_tilt.KP  	-2.2471919	-2.2123475	0.026290429	
S00011.iliopsoas-pelvis_tilt.KV  	-0.60977724	-0.61734358	0.005147384	
S00011.iliopsoas-pelvis_tilt.C0  	0.059956154	0.066924086	0.0056974918	
S00100.iliopsoas.C0              	0.39253983	0.38629573	0.0055401964	
S00100.glut_max.C0               	-0.41572859	-0.41183874	0.0054912117	
S11000.iliopsoas.KL              	0.48707427	0.48891307	0.0054040738	
S11000.iliopsoas.L0              	0.38456403	0.38425007	0.0054030905	
S11000.iliopsoas-pelvis_tilt.P0  	-0.025555018	-0.024631162	0.0049925227	
S11000.iliopsoas-pelvis_tilt.KP  	1.5541926	1.5473353	0.026126767	
S11000.iliopsoas-hamstrings.KL   	-5.8921322	-5.9937107	0.13179178	
S11000.iliopsoas-hamstrings.L0   	0.86050932	0.86056709	0.0053136451	
S11000.hamstrings.KF             	0.36418482	0.3638765	0.0049404362	
S11000.glut_max.KF               	0.37253082	0.37569756	0.0052628417	
