pelvis_tilt.offset               	0.02759099	0.028326121	0.0016020302	
hip_flexion_r.offset             	-0.039973985	-0.041611929	0.0016824851	
knee_angle_r.offset              	0.033583685	0.031840982	0.0016249039	
ankle_angle_r.offset             	0.039250062	0.04039642	0.0016649023	
hip_flexion_l.offset             	-0.0060119414	-0.0070302371	0.0016575739	
knee_angle_l.offset              	-0.015088148	-0.01711483	0.0017068066	
ankle_angle_l.offset             	-0.0089991245	-0.012694372	0.0016676881	
upperexo_hinge.offset            	0.015333271	0.015303879	0.0016571827	
upperexo_slide.offset            	0.016119674	0.016424964	0.0017155474	
exo_rotation.offset              	-0.029804107	-0.030301885	0.0016845481	
lowerexo_hinge.offset            	0.0031346873	-6.955906e-05	0.001680715	
hamstrings_r-offset              	0.016142606	0.035151968	0.013943168	
bifemsh_r-offset                 	0.032336071	0.031796677	0.01390229	
glut_max_r-offset                	0.039714102	0.040115453	0.013921677	
iliopsoas_r-offset               	0.017949665	0.029097223	0.013943015	
rect_fem_r-offset                	0.047829336	0.037951964	0.013927643	
vas_int_r-offset                 	0.034959879	0.036084751	0.013902641	
gastroc_r-offset                 	0.044926053	0.029626591	0.013968916	
soleus_r-offset                  	0.034655736	0.028511674	0.01389563	
tib_ant_r-offset                 	0.034144751	0.035147584	0.013954054	
bifemsh_r-length_offset          	0.08759441	0.061300238	0.016475557	
gl1                              	0.34542916	0.35418389	0.016460819	
gl2                              	0.11847929	0.13662364	0.015848396	
act1                             	0.36457729	0.35019452	0.016452327	
act2                             	0.27496703	0.2859051	0.016318183	
stance_load_threshold            	0.18352869	0.18131507	0.0016299017	
S11111.tib_ant.KL                	1.4745997	1.477788	0.008468785	
S11111.tib_ant.L0                	0.63142167	0.63421528	0.001655699	
S11111.tib_ant-soleus.KF         	-0.29643396	-0.29626634	0.0016598332	
S00111.soleus.KF                 	1.5328641	1.5383978	0.0083677294	
S00111.gastroc.KF                	1.4549977	1.4457038	0.0084629516	
S00011.vas_int.KF                	1.1190618	1.1168255	0.0081202004	
S00011.vas_int.C0                	0.091291349	0.092546053	0.001624824	
S00011.vas_int-knee_angle.pos_max	-0.14761825	-0.14669271	0.001625679	
S00011.hamstrings-pelvis_tilt.KP 	2.0629082	2.0469379	0.0082126602	
S00011.hamstrings-pelvis_tilt.KV 	0.20041664	0.20118906	0.0016451105	
S00011.hamstrings-pelvis_tilt.C0 	0.048576695	0.047183715	0.0016943628	
S00011.glut_max-pelvis_tilt.KP   	1.9490108	1.961658	0.0080970306	
S00011.glut_max-pelvis_tilt.KV   	0.17910718	0.17877745	0.001749787	
S00011.glut_max-pelvis_tilt.C0   	-0.085608089	-0.087092347	0.0016235831	
S00011.iliopsoas-pelvis_tilt.KP  	-1.9370016	-1.9341898	0.008144132	
S00011.iliopsoas-pelvis_tilt.KV  	-0.55541583	-0.55463545	0.0016136712	
S00011.iliopsoas-pelvis_tilt.C0  	0.036779908	0.037826644	0.0016368714	
S00100.iliopsoas.C0              	0.35338093	0.35603883	0.0016619754	
S00100.glut_max.C0               	-0.48431231	-0.48643303	0.0016137692	
S11000.iliopsoas.KL              	0.54273836	0.54337867	0.001660757	
S11000.iliopsoas.L0              	0.42694618	0.4246926	0.0016564371	
S11000.iliopsoas-pelvis_tilt.P0  	-0.086539231	-0.085497636	0.0015812658	
S11000.iliopsoas-pelvis_tilt.KP  	1.3751524	1.3771274	0.0082367921	
S11000.iliopsoas-hamstrings.KL   	-6.0099118	-6.0204634	0.041127669	
S11000.iliopsoas-hamstrings.L0   	0.86417822	0.86376663	0.0016205129	
S11000.hamstrings.KF             	0.3224002	0.32087189	0.001688203	
S11000.glut_max.KF               	0.36954183	0.36976386	0.0017521855	
